[?25l[39m [38;2;0;0;0m        [38;2;120;111;92m▁              [39m
 [38;2;0;0;0m     [38;2;130;120;100m▐[38;2;197;184;155m▇[38;2;217;203;171m▅[38;2;132;121;102m▌[38;2;133;122;102m▚[38;2;151;140;116m▖            [39m
 [38;2;0;0;0m    [38;2;140;119;90m▕[38;2;228;212;178m█[38;2;191;162;121m█[38;2;228;213;179m█[38;2;244;228;192m█[38;2;235;219;185m█[38;2;239;223;188m█[38;2;215;201;170m▖           [39m
 [38;2;0;0;0m    [38;2;120;111;93m▝[38;2;212;198;167m█[38;2;234;219;184m█[38;2;244;228;192m██[38;2;221;207;174m█[38;2;240;225;190m█[38;2;224;209;176m█[38;2;159;147;123m▅          [39m
 [38;2;0;0;0m     [38;2;92;83;67m▕[38;2;212;196;164m█[38;2;224;206;172m█[38;2;221;207;174m█[38;2;240;224;189m█[38;2;244;228;192m██[38;2;243;227;192m█[38;2;194;181;152m▇[38;2;221;206;174m▅[38;2;158;146;122m▃       [39m
 [38;2;0;0;0m     [38;2;197;183;154m▕[38;2;237;212;171m█[38;2;230;191;140m█[38;2;244;228;192m█████[38;2;243;227;192m█[38;2;244;228;192m█[38;2;243;227;192m█[38;2;212;198;167m▙      [39m
 [38;2;0;0;0m      [38;2;164;152;127m▜[38;2;241;224;189m█[38;2;244;228;192m█[38;2;244;228;193m█[38;2;244;228;192m█[38;2;244;228;193m█[38;2;216;202;171m█[38;2;244;228;192m███[38;2;243;228;193m█[38;2;185;172;145m▊     [39m
 [38;2;0;0;0m       [38;2;158;147;124m█[38;2;206;192;162m█[38;2;231;217;183m█[38;2;244;228;193m█[38;2;244;228;192m█[38;2;176;164;138m█[38;2;214;200;169m█[38;2;234;219;185m█[38;2;244;228;192m██[38;2;229;214;181m█[38;2;87;78;64m▏    [39m
 [38;2;0;0;0m       [38;2;158;146;122m▐[38;2;238;222;187m█[38;2;193;180;152m▟[38;2;244;229;192m█[38;2;233;217;183m█[38;2;169;157;132m█[38;2;244;228;192m█[38;2;244;228;193m██[38;2;244;228;192m█[38;2;243;228;192m█[38;2;204;192;163m▎    [39m
 [38;2;0;0;0m       [38;2;74;66;54m▕[38;2;240;224;190m█[38;2;149;138;116m█[38;2;213;199;168m█[38;2;172;160;134m▙[38;2;178;165;139m█[38;2;244;228;192m███[38;2;236;221;186m█[38;2;235;220;186m█[38;2;203;189;159m▙    [39m
 [38;2;0;0;0m       [38;2;162;150;125m▜[38;2;177;165;139m▜[38;2;194;180;151m█[38;2;178;165;139m▛[38;2;191;177;148m█[38;2;229;214;180m█[38;2;218;204;172m█[38;2;220;205;173m█[38;2;221;207;175m█[38;2;228;213;179m█[38;2;221;206;174m█[38;2;173;160;134m▛    [39m
 [38;2;0;0;0m             [38;2;183;172;144m▔[38;2;230;216;182m▔[38;2;219;205;174m▔[38;2;119;110;91m▔      [39m
[?25h