[?25l[39m [38;2;0;0;0m    [38;2;88;80;66m▁  [38;2;98;89;73m▂           [39m
 [38;2;0;0;0m    [38;2;195;182;152m▟[38;2;208;194;163m█[38;2;201;187;158m▇[38;2;171;159;133m▟[38;2;185;172;144m▅          [39m
 [38;2;0;0;0m   [38;2;111;102;85m▗[38;2;223;207;174m█[38;2;211;185;145m█[38;2;242;226;190m█[38;2;244;228;192m█[38;2;239;223;188m█[38;2;191;178;149m▙         [39m
 [38;2;0;0;0m    [38;2;123;113;93m▜[38;2;225;211;177m█[38;2;229;214;181m█[38;2;223;209;176m█[38;2;243;227;192m█[38;2;244;228;192m█[38;2;198;185;156m▉[38;2;205;191;161m▄[38;2;138;127;106m▂      [39m
 [38;2;0;0;0m    [38;2;150;139;116m▐[38;2;231;194;147m█[38;2;241;220;182m█[38;2;244;228;192m███[38;2;242;227;191m█[38;2;244;228;192m█[38;2;242;226;191m█[38;2;200;186;157m▙     [39m
 [38;2;0;0;0m     [38;2;199;185;155m▜[38;2;243;227;192m█[38;2;244;228;192m██[38;2;244;228;193m█[38;2;219;204;173m█[38;2;244;228;192m███[38;2;195;182;154m▋    [39m
 [38;2;0;0;0m     [38;2;103;94;77m▕[38;2;205;191;162m█[38;2;191;177;150m█[38;2;244;229;193m█[38;2;244;228;192m█[38;2;171;159;134m█[38;2;229;214;181m█[38;2;242;227;191m█[38;2;244;228;192m█[38;2;220;206;174m█    [39m
 [38;2;0;0;0m      [38;2;197;183;153m▜[38;2;191;178;150m█[38;2;216;201;170m█[38;2;188;175;147m▛[38;2;233;218;184m█[38;2;244;228;192m███[38;2;241;225;190m█[38;2;125;114;95m▖   [39m
 [38;2;0;0;0m     [38;2;92;83;68m▗[38;2;168;156;131m█[38;2;202;189;159m█[38;2;191;178;150m█[38;2;211;197;166m█[38;2;215;201;169m█[38;2;220;206;173m█[38;2;221;206;174m█[38;2;226;211;178m█[38;2;236;221;186m█[38;2;183;170;143m▋   [39m
 [38;2;0;0;0m       [38;2;87;79;65m▔[38;2;73;64;52m▔[38;2;75;66;53m▔[38;2;241;225;189m▔[38;2;140;129;107m▀[38;2;146;134;112m▀[38;2;123;112;92m▀[38;2;138;127;106m▔    [39m
[?25h