[?25l[39m [38;2;0;0;0m                               [39m
 [38;2;0;0;0m        [38;2;210;196;165m▄[38;2;128;117;97m▂[38;2;156;147;125m▁[38;2;119;109;91m▞[38;2;104;95;79m▘[38;2;94;84;69m▖                 [39m
 [38;2;0;0;0m       [38;2;190;177;148m▄[38;2;218;203;172m█[38;2;238;223;188m█[38;2;243;227;191m█[38;2;201;187;157m▙[38;2;170;158;133m▄[38;2;193;179;151m█[38;2;171;158;132m▅                [39m
 [38;2;0;0;0m      [38;2;171;142;104m▕[38;2;232;216;181m█[38;2;174;152;118m█[38;2;180;150;110m█[38;2;232;217;183m█[38;2;244;228;192m████[38;2;181;168;141m▋               [39m
 [38;2;0;0;0m      [38;2;121;113;94m▐[38;2;219;205;173m█[38;2;233;218;184m█[38;2;234;219;185m█[38;2;244;228;192m███[38;2;217;204;172m█[38;2;244;228;192m█[38;2;236;220;186m█[38;2;189;175;148m▅              [39m
 [38;2;0;0;0m       [38;2;113;102;84m▀[38;2;192;179;150m▜[38;2;217;203;171m█[38;2;216;202;171m█[38;2;213;199;168m█[38;2;206;193;162m█[38;2;235;220;185m█[38;2;244;228;192m██[38;2;243;228;192m█[38;2;215;201;170m▙[38;2;189;175;147m▃[38;2;143;132;110m▂           [39m
 [38;2;0;0;0m        [38;2;203;189;159m█[38;2;236;208;164m█[38;2;238;212;170m█[38;2;244;228;192m█████[38;2;243;227;192m██[38;2;226;211;178m█[38;2;244;228;192m█[38;2;227;211;178m▇[38;2;191;177;149m▄         [39m
 [38;2;0;0;0m        [38;2;202;187;157m█[38;2;224;174;115m█[38;2;236;207;164m█[38;2;244;227;192m█[38;2;244;228;192m██████[38;2;244;228;191m█[38;2;244;228;192m██[38;2;243;228;192m█[38;2;228;214;181m▙[38;2;86;76;62m▏       [39m
 [38;2;0;0;0m        [38;2;190;177;149m▝[38;2;228;211;177m█[38;2;244;227;191m█[38;2;244;228;192m██[38;2;244;228;193m█[38;2;244;228;192m█[38;2;244;228;193m█[38;2;243;228;193m█[38;2;213;200;169m█[38;2;244;228;192m█[38;2;243;227;192m█[38;2;244;228;192m██[38;2;243;228;193m█[38;2;205;191;162m▙       [39m
 [38;2;0;0;0m         [38;2;100;91;75m▐[38;2;199;185;156m█[38;2;243;227;192m█[38;2;244;228;192m███[38;2;244;228;193m█[38;2;237;222;188m█[38;2;177;164;138m█[38;2;244;228;192m█[38;2;235;220;186m█[38;2;241;225;190m█[38;2;244;228;192m█[38;2;243;228;192m█[38;2;242;226;192m█[38;2;125;115;96m▎      [39m
 [38;2;0;0;0m          [38;2;185;172;145m█[38;2;190;177;149m█[38;2;160;148;123m▉[38;2;233;218;184m█[38;2;244;228;192m██[38;2;216;202;171m█[38;2;156;144;121m▜[38;2;205;192;162m█[38;2;235;220;185m█[38;2;244;228;192m███[38;2;243;227;192m█[38;2;191;178;151m▋      [39m
 [38;2;0;0;0m          [38;2;169;156;131m▐[38;2;244;228;192m█[38;2;222;208;176m▋[38;2;234;219;185m█[38;2;244;229;193m█[38;2;244;228;192m█[38;2;160;148;124m▙[38;2;239;223;188m█[38;2;244;228;192m█[38;2;244;228;193m█[38;2;244;228;192m███[38;2;243;227;192m█[38;2;232;218;184m▋      [39m
 [38;2;0;0;0m           [38;2;237;221;187m█[38;2;165;153;129m█[38;2;180;168;141m█[38;2;203;189;159m█[38;2;159;147;124m▉[38;2;172;160;134m▐[38;2;244;228;193m█[38;2;244;228;192m█████[38;2;241;226;191m█[38;2;211;197;165m█[38;2;177;165;139m▖     [39m
 [38;2;0;0;0m         [38;2;123;113;94m▗[38;2;204;190;160m▆[38;2;216;201;170m█[38;2;187;173;146m█[38;2;179;166;140m█[38;2;213;199;168m█[38;2;243;227;192m█[38;2;217;202;170m▇[38;2;203;189;159m█[38;2;205;191;161m█[38;2;204;190;160m█[38;2;205;191;161m█[38;2;206;193;162m█[38;2;211;198;167m█[38;2;229;214;181m█[38;2;244;228;192m█[38;2;195;181;153m▋     [39m
 [38;2;0;0;0m          [38;2;200;187;157m▔[38;2;132;121;102m▝[38;2;198;185;156m▀[38;2;208;194;164m▀[38;2;165;153;128m▘[38;2;149;137;115m▀[38;2;239;223;188m▀[38;2;179;165;138m█[38;2;200;186;156m█[38;2;209;195;164m██[38;2;201;187;157m█[38;2;181;168;140m█[38;2;241;226;190m▀[38;2;149;137;115m▀      [39m
 [38;2;0;0;0m                               [39m
[?25h