[?25l[39m [38;2;0;0;0m                           [39m
 [38;2;0;0;0m   [38;2;213;200;170m▗[38;2;151;140;119m▄[38;2;121;111;93m▂              [38;2;120;110;92m▂[38;2;151;140;119m▄[38;2;213;199;169m▖    [39m
 [38;2;0;0;0m   [38;2;161;150;126m▊ [38;2;136;126;105m▀[38;2;150;139;117m▆[38;2;186;174;147m▃          [38;2;185;173;147m▃[38;2;142;131;110m▇[38;2;138;128;107m▀ [38;2;168;156;132m▊    [39m
 [38;2;0;0;0m   [38;2;145;135;113m▜   [38;2;149;138;116m▀[38;2;178;166;141m█[38;2;208;195;166m▄[38;2;202;190;162m▃[38;2;241;227;193m▃[38;2;217;205;174m▄[38;2;218;205;174m▄[38;2;240;226;192m▃[38;2;202;190;161m▃[38;2;208;195;166m▄[38;2;178;167;141m█[38;2;151;140;118m▀   [38;2;152;141;119m▊    [39m
 [38;2;0;0;0m   [38;2;151;140;118m▐[38;2;140;130;109m▎  [38;2;180;168;143m▃[38;2;196;184;156m▟[38;2;243;229;194m█[38;2;244;230;195m█[38;2;244;229;195m█[38;2;244;229;194m█[38;2;244;229;195m██[38;2;244;230;195m█[38;2;243;229;194m█[38;2;198;186;158m▙[38;2;181;169;143m▃  [38;2;128;118;99m▗[38;2;187;175;148m▍    [39m
 [38;2;0;0;0m    [38;2;188;176;149m▙[38;2;203;191;162m▅[38;2;226;213;180m█[38;2;244;230;195m███[38;2;244;229;195m█[38;2;244;229;194m█[38;2;227;187;137m█[38;2;226;187;137m█[38;2;244;229;195m██[38;2;244;230;195m██[38;2;244;229;195m█[38;2;227;213;181m█[38;2;204;191;162m▅[38;2;188;176;150m▟     [39m
 [38;2;0;0;0m   [38;2;215;202;172m▗[38;2;237;224;190m█[38;2;241;227;192m█[38;2;244;229;195m█[38;2;229;216;183m█[38;2;214;201;170m█[38;2;234;220;187m█[38;2;244;230;195m██[38;2;237;212;169m██[38;2;244;230;195m██[38;2;235;221;188m█[38;2;214;201;170m█[38;2;229;215;183m█[38;2;244;230;195m█[38;2;241;227;192m█[38;2;238;224;190m█[38;2;217;203;173m▖    [39m
 [38;2;0;0;0m   [38;2;221;208;176m█[38;2;244;230;195m█[38;2;232;219;186m█[38;2;200;187;159m▙[38;2;160;90;14m▐[38;2;181;101;14m▌[38;2;163;94;19m▐[38;2;177;139;91m▛[38;2;238;224;190m█[38;2;244;230;195m██[38;2;238;225;191m█[38;2;178;140;91m▜[38;2;163;94;19m▌[38;2;181;101;14m▐[38;2;160;90;14m▌[38;2;199;187;159m▟[38;2;232;218;185m█[38;2;244;230;195m█[38;2;221;208;177m█    [39m
 [38;2;0;0;0m  [38;2;97;89;76m▕[38;2;242;228;194m█[38;2;244;230;195m███[38;2;219;205;173m█[38;2;198;168;124m█[38;2;200;165;117m█[38;2;233;220;187m▅[38;2;209;196;167m█[38;2;244;230;195m██[38;2;210;197;167m█[38;2;233;219;187m▅[38;2;200;166;117m█[38;2;197;168;124m█[38;2;219;205;172m█[38;2;244;230;195m███[38;2;242;228;194m█[38;2;105;98;84m▏   [39m
 [38;2;0;0;0m  [38;2;80;73;61m▝[38;2;203;192;163m▜[38;2;231;218;185m█[38;2;224;211;180m█[38;2;224;212;180m█[38;2;220;207;176m█[38;2;216;204;173m█[38;2;215;203;172m█[38;2;243;229;194m█[38;2;226;213;181m█[38;2;180;169;142m▛[38;2;180;168;142m▜[38;2;226;213;180m█[38;2;243;229;194m█[38;2;216;203;172m█[38;2;217;204;173m█[38;2;220;207;176m█[38;2;224;211;180m█[38;2;224;211;179m█[38;2;231;217;185m█[38;2;205;193;164m▛[38;2;79;73;60m▘   [39m
 [38;2;0;0;0m  [38;2;78;70;57m▝[38;2;100;92;77m▀[38;2;187;176;150m▜[38;2;210;198;169m█[38;2;203;192;163m█[38;2;196;184;156m█[38;2;184;173;147m█[38;2;166;156;133m█[38;2;237;223;190m█[38;2;244;230;195m█[38;2;199;187;159m▉[38;2;180;168;142m█[38;2;244;230;195m█[38;2;237;223;190m█[38;2;167;156;133m█[38;2;184;173;148m█[38;2;196;184;157m█[38;2;204;192;163m█[38;2;210;198;168m█[38;2;189;177;151m▛[38;2;100;92;76m▀[38;2;78;71;57m▘   [39m
 [38;2;0;0;0m   [38;2;84;75;62m▝[38;2;170;160;136m▔[38;2;102;94;79m▃[38;2;166;155;131m▛[38;2;151;141;119m█[38;2;195;182;155m█[38;2;229;216;183m█[38;2;237;223;189m█[38;2;235;222;188m█[38;2;238;224;190m█[38;2;238;225;191m█[38;2;235;221;188m█[38;2;237;223;190m█[38;2;229;216;183m█[38;2;195;183;155m█[38;2;152;141;119m█[38;2;166;155;131m▜[38;2;163;152;128m▔[38;2;167;158;135m▔[38;2;83;75;62m▘    [39m
 [38;2;0;0;0m    [38;2;74;67;55m▔      [38;2;83;75;61m▔[38;2;238;224;191m▔[38;2;238;225;191m▔[38;2;85;77;64m▔      [38;2;73;66;54m▔     [39m
 [38;2;0;0;0m                           [39m
[?25h