[?25l[39m [38;2;0;0;0m                   [39m
 [38;2;0;0;0m  [38;2;152;142;120m▛[38;2;112;102;85m▚[38;2;145;134;113m▄        [38;2;168;157;132m▃[38;2;113;103;86m▞[38;2;153;142;120m▜   [39m
 [38;2;0;0;0m  [38;2;161;150;127m▌ [38;2;102;94;78m▝[38;2;165;154;130m▜[38;2;216;203;172m▄[38;2;240;226;192m▃[38;2;225;212;180m▄▄[38;2;239;225;191m▃[38;2;216;202;172m▄[38;2;165;154;130m▛[38;2;104;96;79m▘ [38;2;161;150;127m▐   [39m
 [38;2;0;0;0m  [38;2;125;115;96m▜[38;2;131;122;102m▁[38;2;209;197;167m▄[38;2;212;199;169m▇[38;2;240;226;192m█[38;2;244;229;195m█[38;2;240;220;182m██[38;2;244;229;195m█[38;2;240;226;192m█[38;2;213;199;169m▇[38;2;210;197;167m▄[38;2;130;120;100m▁[38;2;139;128;108m▋   [39m
 [38;2;0;0;0m  [38;2;179;167;141m▟[38;2;236;222;189m█[38;2;242;228;194m█[38;2;229;216;183m█[38;2;238;224;190m█[38;2;244;229;195m█[38;2;235;208;165m█[38;2;236;209;165m█[38;2;244;230;195m█[38;2;238;224;190m█[38;2;229;216;183m█[38;2;243;229;194m█[38;2;236;222;188m█[38;2;180;168;143m▙   [39m
 [38;2;0;0;0m [38;2;181;170;144m▕[38;2;243;229;194m█[38;2;238;224;190m█[38;2;204;191;162m▙[38;2;157;97;30m▉[38;2;145;85;20m▟[38;2;186;172;143m▜[38;2;244;230;195m██[38;2;187;173;144m▛[38;2;145;85;20m▙[38;2;155;96;30m▇[38;2;203;191;162m▟[38;2;238;224;190m█[38;2;242;229;194m█[38;2;133;124;105m▎  [39m
 [38;2;0;0;0m [38;2;152;142;121m▕[38;2;228;214;182m█[38;2;233;220;187m█[38;2;230;217;184m█[38;2;227;214;182m██[38;2;236;222;189m█[38;2;199;187;158m█[38;2;199;186;158m█[38;2;235;222;188m█[38;2;227;214;182m██[38;2;230;217;184m█[38;2;233;220;187m█[38;2;228;215;183m█[38;2;115;107;90m▎  [39m
 [38;2;0;0;0m [38;2;76;69;57m▝[38;2;129;120;101m▜[38;2;204;192;163m█[38;2;216;204;173m█[38;2;200;188;160m█[38;2;196;184;157m█[38;2;243;230;195m█[38;2;198;186;158m█[38;2;197;185;157m█[38;2;243;229;195m█[38;2;196;185;157m█[38;2;200;188;160m█[38;2;217;204;173m█[38;2;205;192;163m█[38;2;137;128;107m▋[38;2;76;69;57m▘  [39m
 [38;2;0;0;0m  [38;2;93;85;71m▔[38;2;82;74;62m▝[38;2;127;117;99m▀[38;2;203;191;162m▀[38;2;243;228;194m▀[38;2;243;229;194m▀[38;2;173;162;136m█[38;2;174;162;137m█[38;2;243;229;194m▀[38;2;243;228;194m▀[38;2;204;191;162m▀[38;2;127;118;99m▀[38;2;82;75;62m▘[38;2;92;84;69m▔   [39m
 [38;2;0;0;0m                   [39m
[?25h