[?25l[39m [38;2;0;0;0m                               [39m
 [38;2;0;0;0m    [38;2;193;179;153m▂[38;2;129;119;100m▂                  [38;2;127;117;98m▂[38;2;194;181;153m▂     [39m
 [38;2;0;0;0m   [38;2;156;147;125m▕[38;2;184;172;146m▛[38;2;114;105;87m▀[38;2;142;131;110m▜[38;2;190;177;150m▄[38;2;106;96;81m▁            [38;2;104;95;79m▁[38;2;189;177;150m▄[38;2;142;132;111m▛[38;2;116;107;89m▀[38;2;182;170;144m▜[38;2;164;154;131m▏    [39m
 [38;2;0;0;0m   [38;2;158;149;129m▕[38;2;214;201;171m▌  [38;2;121;111;93m▝[38;2;188;177;149m▜[38;2;185;173;147m▆[38;2;118;109;91m▂        [38;2;117;107;90m▂[38;2;207;194;165m▅[38;2;189;178;151m▛[38;2;123;113;94m▘  [38;2;209;196;166m▐[38;2;171;161;138m▏    [39m
 [38;2;0;0;0m    [38;2;164;152;128m▊    [38;2;193;181;154m▝[38;2;214;201;170m█[38;2;221;208;176m▇[38;2;227;214;182m▇[38;2;242;228;194m▇[38;2;228;214;182m█[38;2;228;215;182m█[38;2;242;228;193m▇[38;2;227;214;181m▇[38;2;221;207;176m▇[38;2;215;202;171m█[38;2;194;182;154m▘    [38;2;155;144;121m▟     [39m
 [38;2;0;0;0m    [38;2;196;184;156m▐[38;2;119;109;90m▏ [38;2;172;161;136m▂[38;2;206;194;164m▅[38;2;226;212;180m▇[38;2;242;228;193m█[38;2;244;230;195m█[38;2;244;229;194m██[38;2;240;219;181m█[38;2;240;219;180m█[38;2;244;229;195m█[38;2;244;230;195m██[38;2;243;228;194m█[38;2;227;213;181m▇[38;2;208;194;165m▅[38;2;172;161;137m▂ [38;2;112;103;86m▕[38;2;176;165;140m▋     [39m
 [38;2;0;0;0m    [38;2;202;191;165m▕[38;2;222;209;177m▙[38;2;215;202;171m▇[38;2;244;230;195m█████[38;2;244;229;195m█[38;2;243;226;191m█[38;2;225;182;127m██[38;2;243;227;191m█[38;2;244;229;194m█[38;2;244;229;195m█[38;2;244;230;195m████[38;2;215;202;171m▇[38;2;220;206;176m▟[38;2;147;137;117m▎     [39m
 [38;2;0;0;0m    [38;2;202;190;161m▟[38;2;244;230;195m█[38;2;240;226;191m█[38;2;244;229;195m█[38;2;232;218;185m█[38;2;212;200;169m█[38;2;218;205;174m█[38;2;243;228;193m█[38;2;244;230;195m██[38;2;236;209;164m█[38;2;236;210;165m█[38;2;244;230;195m██[38;2;243;229;194m█[38;2;219;206;174m█[38;2;212;199;168m█[38;2;231;218;185m█[38;2;244;230;195m█[38;2;239;226;191m█[38;2;244;230;195m█[38;2;204;191;162m▙     [39m
 [38;2;0;0;0m   [38;2;151;141;119m▐[38;2;244;231;195m█[38;2;244;230;195m█[38;2;228;214;182m█[38;2;197;184;157m▙[38;2;149;84;15m▗[38;2;178;100;14m▇ [38;2;166;103;34m▟[38;2;208;196;166m▜[38;2;244;230;195m████[38;2;210;197;167m▛[38;2;167;104;34m▙ [38;2;178;99;13m▇[38;2;145;83;16m▍[38;2;196;184;156m▟[38;2;227;214;181m█[38;2;244;230;195m██[38;2;187;175;149m▍    [39m
 [38;2;0;0;0m   [38;2;234;220;188m▐[38;2;244;230;195m████[38;2;208;195;164m█[38;2;184;147;97m█[38;2;173;135;86m▇[38;2;179;136;81m█[38;2;211;198;169m▃[38;2;235;222;189m█[38;2;244;230;195m██[38;2;237;223;190m█[38;2;210;197;168m▃[38;2;179;136;81m█[38;2;173;135;87m▇[38;2;183;146;97m█[38;2;208;195;164m█[38;2;244;230;195m████[38;2;235;222;189m▌    [39m
 [38;2;0;0;0m   [38;2;135;126;106m▐[38;2;226;214;182m██[38;2;224;211;180m█[38;2;218;205;174m█[38;2;215;202;172m█[38;2;217;204;173m█[38;2;240;226;192m█[38;2;244;230;195m█[38;2;245;230;196m█[38;2;215;202;171m█[38;2;184;172;145m██[38;2;215;202;171m█[38;2;244;230;195m██[38;2;240;226;192m█[38;2;217;204;173m█[38;2;215;202;172m█[38;2;217;205;174m█[38;2;223;211;179m█[38;2;227;214;182m█[38;2;226;214;182m█[38;2;164;154;131m▍    [39m
 [38;2;0;0;0m  [38;2;127;118;100m▂[38;2;104;96;80m▃[38;2;151;141;119m█[38;2;226;213;181m█[38;2;219;207;175m█[38;2;215;202;171m█[38;2;217;204;173m█[38;2;201;189;161m█[38;2;155;144;121m█[38;2;186;174;148m█[38;2;244;230;195m█[38;2;240;226;192m█[38;2;188;177;150m▙[38;2;186;174;147m▟[38;2;240;226;192m█[38;2;244;230;195m█[38;2;187;175;149m█[38;2;155;145;122m█[38;2;201;189;161m█[38;2;217;204;173m█[38;2;215;202;172m█[38;2;219;206;175m█[38;2;226;213;181m█[38;2;153;142;120m█[38;2;104;96;80m▃[38;2;126;117;99m▂   [39m
 [38;2;0;0;0m [38;2;135;128;111m▔ [38;2;100;92;76m▁[38;2;110;101;84m▃[38;2;153;142;120m▞[38;2;160;150;126m█[38;2;215;202;171m█[38;2;194;182;154m██[38;2;207;195;166m█[38;2;216;203;172m█[38;2;244;230;195m█[38;2;233;220;187m█[38;2;189;178;151m█[38;2;189;177;151m█[38;2;233;219;187m█[38;2;244;230;195m█[38;2;216;203;172m█[38;2;207;195;165m█[38;2;194;182;155m█[38;2;194;183;155m█[38;2;215;202;172m█[38;2;161;150;127m█[38;2;127;117;99m▜[38;2;109;100;84m▃[38;2;99;90;76m▁ [38;2;136;129;112m▔  [39m
 [38;2;0;0;0m   [38;2;111;103;86m▔ [38;2;88;82;68m▂[38;2;90;82;69m▝[38;2;98;89;74m▀[38;2;150;139;118m▀[38;2;230;216;183m▀[38;2;188;175;148m▜[38;2;168;157;132m█[38;2;176;164;138m█[38;2;193;181;153m█[38;2;219;206;175m█[38;2;220;207;176m█[38;2;194;182;154m█[38;2;176;164;138m█[38;2;168;157;132m█[38;2;187;175;148m▛[38;2;230;217;184m▀[38;2;151;141;119m▀[38;2;97;89;74m▀[38;2;90;82;68m▘[38;2;87;80;66m▂ [38;2;110;102;86m▔    [39m
 [38;2;0;0;0m                               [39m
 [38;2;0;0;0m                               [39m
[?25h