[?25l[39m [38;2;0;0;0m                       [39m
 [38;2;0;0;0m  [38;2;153;142;120m▗[38;2;124;114;96m▆[38;2;148;137;115m▄[38;2;113;104;87m▁          [38;2;112;103;85m▁[38;2;149;138;116m▄[38;2;123;113;95m▆[38;2;155;144;122m▖   [39m
 [38;2;0;0;0m  [38;2;168;156;131m▐[38;2;172;163;141m▏ [38;2;169;157;133m▀[38;2;166;155;131m▆[38;2;138;128;108m▂      [38;2;137;127;107m▂[38;2;167;156;132m▆[38;2;170;158;133m▀ [38;2;161;151;131m▕[38;2;219;205;174m▍   [39m
 [38;2;0;0;0m  [38;2;157;147;124m▕[38;2;176;164;138m▍  [38;2;100;91;75m▕[38;2;201;189;160m█[38;2;235;221;188m▇[38;2;242;228;194m▇[38;2;233;219;186m██[38;2;242;228;194m▇[38;2;235;221;188m▇[38;2;202;190;161m█[38;2;90;82;68m▎  [38;2;139;128;108m▐[38;2;121;111;93m▎   [39m
 [38;2;0;0;0m   [38;2;141;131;110m▙[38;2;175;163;138m▃[38;2;221;207;176m▆[38;2;237;223;189m█[38;2;244;230;195m██[38;2;244;229;194m█[38;2;236;209;168m██[38;2;244;229;195m█[38;2;244;230;195m██[38;2;237;223;189m█[38;2;221;208;176m▆[38;2;176;163;138m▃[38;2;143;132;112m▊    [39m
 [38;2;0;0;0m  [38;2;91;82;69m▕[38;2;204;192;162m█[38;2;242;228;193m█[38;2;243;229;194m█[38;2;228;214;182m█[38;2;224;210;179m█[38;2;243;229;194m█[38;2;244;230;195m█[38;2;234;205;159m█[38;2;235;205;159m█[38;2;244;230;195m█[38;2;243;229;194m█[38;2;224;211;179m█[38;2;227;214;182m█[38;2;244;229;195m█[38;2;242;228;193m█[38;2;205;192;163m█[38;2;93;84;70m▏   [39m
 [38;2;0;0;0m  [38;2;227;214;181m▐[38;2;244;230;195m█[38;2;236;222;188m█[38;2;201;189;160m▙[38;2;151;90;22m▇[38;2;157;89;16m▎[38;2;157;101;37m█[38;2;202;190;161m█[38;2;244;230;195m██[38;2;203;191;161m█[38;2;158;101;37m█[38;2;187;105;15m▕[38;2;151;90;22m▇[38;2;200;188;160m▟[38;2;235;221;188m█[38;2;244;230;195m█[38;2;204;192;163m▋   [39m
 [38;2;0;0;0m [38;2;137;130;112m▁[38;2;153;142;120m█[38;2;231;218;185m█[38;2;233;220;186m█[38;2;242;228;193m█[38;2;231;217;183m█[38;2;211;191;153m█[38;2;224;211;179m▇[38;2;211;198;168m█[38;2;244;230;195m██[38;2;211;198;168m█[38;2;224;211;179m▇[38;2;211;190;153m█[38;2;230;217;183m█[38;2;242;228;194m█[38;2;233;220;186m█[38;2;231;218;185m█[38;2;218;206;175m▋[38;2;136;129;111m▁  [39m
 [38;2;0;0;0m [38;2;153;145;124m▁[38;2;101;93;78m▞[38;2;215;203;172m█[38;2;224;212;180m█[38;2;211;199;169m█[38;2;204;192;163m█[38;2;188;176;150m█[38;2;213;200;170m█[38;2;237;223;190m█[38;2;179;168;142m▙[38;2;178;167;141m▟[38;2;237;223;189m█[38;2;213;201;171m█[38;2;188;177;150m█[38;2;204;192;163m█[38;2;211;199;170m█[38;2;224;211;180m█[38;2;216;203;173m█[38;2;134;124;104m▎[38;2;152;143;122m▁  [39m
 [38;2;87;81;69m▔ [38;2;79;72;59m▃[38;2;124;115;97m▝[38;2;164;153;129m▜[38;2;196;185;157m█[38;2;206;194;165m█[38;2;217;204;174m█[38;2;229;216;183m█[38;2;241;228;193m█[38;2;213;200;170m█[38;2;212;200;170m█[38;2;241;227;193m█[38;2;229;216;183m█[38;2;217;204;174m█[38;2;207;194;165m█[38;2;197;185;157m█[38;2;164;153;130m▛[38;2;126;117;99m▘[38;2;78;70;58m▃ [38;2;88;82;70m▔ [39m
 [38;2;0;0;0m    [38;2;99;91;76m▔ [38;2;122;113;95m▔[38;2;243;229;195m▔[38;2;131;121;100m▀[38;2;147;136;114m▀[38;2;206;194;164m▀[38;2;207;195;165m▀[38;2;147;136;114m▀[38;2;131;121;100m▀[38;2;243;229;194m▔[38;2;124;116;98m▔ [38;2;99;90;76m▔     [39m
 [38;2;0;0;0m                       [39m
[?25h